<?xml version="1.0" encoding="UTF-8"?>
<svg version="1.1" xmlns="http://www.w3.org/2000/svg" width="1024" height="1024">
<path d="M0 0 C337.92 0 675.84 0 1024 0 C1024 337.92 1024 675.84 1024 1024 C686.08 1024 348.16 1024 0 1024 C0 686.08 0 348.16 0 0 Z " fill="#0180BE" transform="translate(0,0)"/>
<path d="M0 0 C337.92 0 675.84 0 1024 0 C1024 337.92 1024 675.84 1024 1024 C686.08 1024 348.16 1024 0 1024 C0 686.08 0 348.16 0 0 Z M277 140 C276.31953613 140.18481934 275.63907227 140.36963867 274.93798828 140.56005859 C249.05284189 147.80937277 224.32294571 161.45656907 204 179 C203.24332031 179.64710938 202.48664063 180.29421875 201.70703125 180.9609375 C179.18523108 200.72721562 161.28853728 223.55159454 149 251 C148.65984863 251.75861328 148.31969727 252.51722656 147.96923828 253.29882812 C142.90124447 264.80403861 138.98437524 276.44400003 136.61625099 288.80814743 C136.19231342 291.00391871 135.73471902 293.19337305 135.24944115 295.37640762 C131.84296795 312.13186212 132.57185453 329.33532138 132.60782599 346.34711266 C132.61467408 351.14618553 132.60410686 355.94522682 132.59588623 360.74429321 C132.58260635 370.12281942 132.58540123 379.50127325 132.59412415 388.8798022 C132.60092466 396.51025956 132.60180723 404.14069678 132.5985527 411.77115631 C132.598093 412.86098443 132.59763331 413.95081254 132.59715968 415.07366575 C132.5962004 417.28831679 132.59522776 419.50296783 132.5942419 421.71761885 C132.58570441 442.44418516 132.59549548 463.17071155 132.611643 483.89727131 C132.62503711 501.63791441 132.62272236 519.37849859 132.60888672 537.11914062 C132.59278876 557.76998718 132.58653616 578.42079879 132.59572351 599.07165074 C132.59667905 601.2789607 132.59762216 603.48627066 132.5985527 605.69358063 C132.59901553 606.77932715 132.59947836 607.86507367 132.59995521 608.9837216 C132.60253305 616.59294409 132.59820013 624.2021442 132.59111404 631.81136322 C132.5826515 641.1020891 132.58507787 650.39273907 132.60095628 659.68345639 C132.60877674 664.4134526 132.61203868 669.14332278 132.60200882 673.87331772 C132.55707158 696.97373653 132.78049119 719.72978728 138.6875 742.25 C138.94096191 743.23613281 139.19442383 744.22226562 139.45556641 745.23828125 C142.05692443 754.91339808 145.7268517 763.95615905 150 773 C150.31694824 773.68465332 150.63389648 774.36930664 150.96044922 775.07470703 C160.52513327 795.61720885 172.74954172 814.14127327 189 830 C194 835 194 835 195.62890625 836.734375 C210.13885803 851.88046246 229.00709457 863.36248996 248 872 C248.75039551 872.34160156 249.50079102 872.68320312 250.27392578 873.03515625 C282.42278523 887.48647852 314.51300604 890.77921013 349.36458969 890.6389643 C354.1363104 890.62536872 358.90795871 890.64110519 363.67967224 890.65278625 C372.98469264 890.67100397 382.28950072 890.66275831 391.59451415 890.64469803 C399.16702201 890.6305774 406.73947288 890.62679937 414.31199265 890.6301403 C415.39653561 890.63061775 416.48107857 890.63109519 417.59848648 890.6315871 C419.80282226 890.6326136 422.00715802 890.63366896 424.21149378 890.63475286 C443.62997019 890.64328761 463.04834516 890.62674944 482.46679688 890.59692383 C501.24255634 890.5680864 520.01816976 890.56101094 538.79394531 890.57641602 C559.31966364 890.59323421 579.84531289 890.59715597 600.37103307 890.57970566 C602.56590167 890.57786157 604.76077027 890.57602684 606.95563889 890.57420158 C608.03510857 890.57328949 609.11457826 890.5723774 610.22675914 890.57143768 C617.77761527 890.56586771 625.32843729 890.56910605 632.87929153 890.57574654 C642.09905585 890.5835341 651.31867726 890.57653398 660.53841306 890.5515715 C665.2284977 890.5392018 669.91836133 890.53277459 674.60845375 890.54411316 C698.96839506 890.59701862 722.40031967 889.81468207 746 883 C747.0725 882.70738281 748.145 882.41476562 749.25 882.11328125 C779.8740473 873.19576748 807.54042554 856.37725064 830.52050781 834.41210938 C831.5016484 833.4756544 832.48795247 832.54457769 833.47949219 831.61914062 C846.17418856 819.752905 856.50728358 805.96551493 864.98242188 790.81640625 C865.98682999 789.02350884 867.01606038 787.24656029 868.046875 785.46875 C873.91203643 775.13408694 878.04071905 764.18145869 882 753 C882.27175049 752.24759033 882.54350098 751.49518066 882.82348633 750.7199707 C884.75450783 745.20077557 886.00863462 739.68388533 887.0625 733.9375 C887.22298828 733.11056641 887.38347656 732.28363281 887.54882812 731.43164062 C890.13813727 717.63239068 891.29812724 704.18061301 891.26069641 690.17681885 C891.26372526 688.54384111 891.26761838 686.91086479 891.27228898 685.27789092 C891.28248333 680.83760461 891.28040926 676.3973998 891.27610838 671.95710707 C891.27362543 667.14986287 891.28267469 662.34263752 891.29014587 657.53540039 C891.3028517 648.13542756 891.30469171 638.73548335 891.30234561 629.33550337 C891.30055762 621.68921897 891.30232238 614.04294322 891.30657005 606.39665985 C891.30716524 605.3055591 891.30776043 604.21445834 891.30837366 603.09029393 C891.3095855 600.8732211 891.31079963 598.65614827 891.31201603 596.43907544 C891.32287578 575.67828736 891.32073654 554.91751555 891.31463119 534.15672657 C891.30946382 515.19844592 891.32071553 496.24021669 891.33972941 477.28194621 C891.35914004 457.77732421 891.36735813 438.27272649 891.36360615 418.76809478 C891.36169895 407.83309343 891.3641346 396.89813582 891.37832069 385.9631424 C891.39027667 376.65359808 891.39159235 367.34412443 891.37953053 358.03457907 C891.37367124 353.29282031 891.37245992 348.55119053 891.38453293 343.80944061 C891.50487366 293.00518581 880.82366709 245.68725902 847 206 C846.0980551 204.90308581 845.19708234 203.80537185 844.296875 202.70703125 C824.59169364 178.90534997 799.33209507 161.18128579 771 149 C770.09378906 148.60554687 769.18757812 148.21109375 768.25390625 147.8046875 C765.85482653 146.80408611 763.44384893 145.88561498 761 145 C759.36417969 144.40251953 759.36417969 144.40251953 757.6953125 143.79296875 C750.83072591 141.39108909 743.97393456 139.39946319 736.875 137.8125 C736.1840625 137.6578125 735.493125 137.503125 734.78125 137.34375 C732.52621116 136.86172497 730.26607636 136.42735528 728 136 C727.10549975 135.82974375 726.2109995 135.6594875 725.28939319 135.48407197 C716.2263167 133.91781797 707.37198439 133.71813776 698.21368408 133.74603271 C696.54815941 133.74372394 694.88263576 133.74054464 693.21711421 133.73657823 C688.67304226 133.72827848 684.12905501 133.73233347 679.58498287 133.73855066 C674.67140587 133.74309414 669.75784296 133.73608193 664.8442688 133.73059082 C655.23032267 133.72171456 645.61640784 133.72361118 636.00246051 133.7294161 C628.18397772 133.7339406 620.36550368 133.73454208 612.54701996 133.73236847 C611.43244368 133.732062 610.31786739 133.73175554 609.16951607 133.73143978 C606.90492544 133.7308003 604.64033482 133.73015187 602.37574419 133.7294946 C581.1572414 133.72379621 559.9387559 133.73034095 538.72025594 133.74109533 C520.53875571 133.75002547 502.35728102 133.74848228 484.17578125 133.73925781 C463.03721787 133.72853801 441.89866966 133.72435066 420.76010394 133.73048234 C418.502817 133.7311194 416.24553005 133.73174814 413.9882431 133.73236847 C412.3225327 133.7328313 412.3225327 133.7328313 410.62317158 133.73330347 C402.82184913 133.73502565 395.02053635 133.73212551 387.21921539 133.72740936 C377.7005501 133.7217813 368.18191775 133.72335711 358.6632562 133.73397085 C353.81255311 133.73920248 348.96190484 133.74132748 344.11120224 133.73467255 C339.65990932 133.72865831 335.20872136 133.73207725 330.7574378 133.74262765 C329.15793931 133.74483877 327.55843173 133.74377777 325.95893922 133.73887607 C309.22585305 133.69158153 293.16207091 135.53957988 277 140 Z " fill="#FAFBFB" transform="translate(0,0)"/>
<path d="M0 0 C2.55084397 2.15278233 5.0067273 4.37719841 7.4453125 6.65625 C9.99011298 8.99092933 12.61622325 11.1554786 15.3125 13.3125 C20.76376101 17.72138108 25.87713498 22.4352398 31 27.21484375 C33.96144168 29.97596347 36.98985638 32.65054651 40.05078125 35.30078125 C44.95348303 39.5746796 49.75112166 43.96919471 54.578125 48.328125 C61.16521406 54.26862863 67.78659447 60.14727362 74.58203125 65.84912109 C80.62647291 70.92567353 86.49996998 76.14692552 92.29296875 81.5078125 C95.15545167 84.14311424 98.06866156 86.70892226 101.0078125 89.2578125 C103.36020635 91.31500399 105.68034966 93.40596915 108 95.5 C111.62023723 98.76704335 115.26983565 101.99520776 118.94921875 105.1953125 C121.26088797 107.22958141 123.5353143 109.3022231 125.8125 111.375 C129.35160002 114.57652433 132.97103106 117.63146063 136.6875 120.625 C140.41578402 123.63891352 143.81570007 126.75138313 147.13671875 130.19921875 C149.41224186 132.39841404 151.83986131 134.33784728 154.3125 136.3125 C168.92863024 148.18184033 179.9749218 162.07093779 182.28353691 181.37028575 C182.72902983 187.58904002 182.66024253 193.81203894 182.61523438 200.04272461 C182.61874343 202.1092779 182.62441081 204.17582846 182.63204956 206.24237061 C182.646188 211.80608246 182.62934782 217.3692936 182.60576439 222.93295741 C182.58553127 228.77566049 182.59154107 234.6183453 182.59387207 240.46107483 C182.59381866 250.26132383 182.57415298 260.06137896 182.54199219 269.86157227 C182.50503458 281.17823162 182.4963283 292.49463798 182.5032897 303.81134981 C182.50960025 314.72717371 182.49883477 325.64291127 182.47932434 336.55871773 C182.47116819 341.19286902 182.46843746 345.82697609 182.47001648 350.46113396 C182.47089717 355.9155303 182.45662954 361.36968723 182.43078995 366.82402039 C182.42364687 368.82142539 182.42153554 370.8188559 182.42490768 372.81627083 C182.42864106 375.54943752 182.41381119 378.28191253 182.39440918 381.01499939 C182.39973711 381.79885999 182.40506503 382.58272059 182.41055441 383.39033455 C182.24208027 397.21273429 174.6219852 411.19966792 165.16015625 420.8984375 C164.44730469 421.59195312 163.73445313 422.28546875 163 423 C162.22462891 423.82371094 162.22462891 423.82371094 161.43359375 424.6640625 C157.60937468 428.39841741 153.02257009 430.756389 148.3125 433.1875 C147.67755615 433.52088379 147.0426123 433.85426758 146.38842773 434.19775391 C136.13234688 439.26774586 125.76374654 440.44406192 114.45129395 440.38768005 C113.13868733 440.39306559 111.82608071 440.39845113 110.47369814 440.40399987 C106.86399978 440.41834808 103.2545318 440.41424345 99.64482141 440.40683305 C95.73881452 440.40207721 91.83285577 440.41463236 87.92686462 440.42485046 C80.28831939 440.44199575 72.64985658 440.4428875 65.01129711 440.43763756 C58.80029332 440.43358723 52.58931379 440.43504963 46.37831116 440.44038582 C45.49251075 440.44113424 44.60671035 440.44188266 43.69406751 440.44265376 C41.89427769 440.44418532 40.09448787 440.44572367 38.29469806 440.44726873 C21.43943614 440.46097791 4.58422071 440.45556685 -12.27104014 440.44408352 C-27.67518247 440.43414921 -43.07920471 440.44709804 -58.48332852 440.47101771 C-74.32203266 440.49542591 -90.16068091 440.50501257 -105.99940348 440.49836498 C-114.88301493 440.49487705 -123.76653404 440.49707686 -132.65013123 440.51461601 C-140.21102257 440.52935937 -147.77175649 440.52994542 -155.33264482 440.5125451 C-159.18637053 440.50405092 -163.03981525 440.50184657 -166.89352608 440.51719666 C-171.07967493 440.53366391 -175.26514993 440.51885565 -179.45129395 440.50120544 C-180.65714881 440.51081045 -181.86300368 440.52041546 -183.10539961 440.53031152 C-198.7174804 440.39527442 -212.38154315 434.10867015 -223.6484375 423.4140625 C-236.20815783 410.520529 -243.15147914 394.78592333 -243.14717102 376.71034241 C-243.15084771 375.87881997 -243.1545244 375.04729753 -243.1583125 374.19057745 C-243.1693205 371.40577255 -243.17318833 368.62100501 -243.17700195 365.83618164 C-243.18326894 363.83847943 -243.18991595 361.84077839 -243.19691467 359.84307861 C-243.21793517 353.28211272 -243.22831743 346.72114665 -243.23828125 340.16015625 C-243.24233001 337.89791794 -243.24644697 335.63567976 -243.25063133 333.3734417 C-243.26968115 322.74063119 -243.2839108 312.10782759 -243.2922433 301.4750033 C-243.30200544 289.22151196 -243.32829922 276.96820175 -243.36874419 264.71477419 C-243.398965 255.23172897 -243.41371796 245.74873548 -243.41702431 236.26564306 C-243.4193686 230.60786646 -243.42824774 224.9502834 -243.45348549 219.29255867 C-243.47687467 213.96305752 -243.48095597 208.63387585 -243.47072411 203.30433655 C-243.47023121 201.35739513 -243.47647815 199.4104374 -243.49028015 197.46354485 C-243.63123846 176.38604997 -239.10152688 160.43597296 -224 145 C-223.31550781 144.2884375 -222.63101562 143.576875 -221.92578125 142.84375 C-218.1908247 139.0280773 -214.30308502 135.45476338 -210.2578125 131.97265625 C-207.50553091 129.56798116 -204.81388297 127.09992702 -202.125 124.625 C-194.60107108 117.71105597 -187.03800477 110.86637699 -179.25 104.25 C-173.6395906 99.479923 -168.20981548 94.54536032 -162.83569336 89.51147461 C-159.27911621 86.18074389 -155.67768271 82.9220688 -151.98828125 79.73828125 C-149.45947072 77.52743511 -146.98127436 75.26403557 -144.5 73 C-140.7079479 69.54177367 -136.88309601 66.13052371 -133.01171875 62.76171875 C-126.88161632 57.39341545 -120.87309238 51.88973998 -114.875 46.375 C-109.28073856 41.23743085 -103.60498067 36.21483323 -97.8203125 31.29296875 C-92.06317813 26.38871352 -86.35420292 21.46005749 -80.8125 16.3125 C-75.38932501 11.30093749 -69.7859685 6.58578309 -64 2 C-63.29101562 1.4225 -62.58203125 0.845 -61.8515625 0.25 C-43.63469141 -14.15068861 -18.54159679 -13.63352705 0 0 Z " fill="#0280BE" transform="translate(546,303)"/>
<path d="M0 0 C12.45700351 6.22850176 22.81258051 17.66410637 32.88671875 27.1015625 C35.86997405 29.89140089 38.91950335 32.59327591 42.01171875 35.26171875 C44.54052928 37.47256489 47.01872564 39.73596443 49.5 42 C53.28662998 45.45328153 57.1047632 48.86099051 60.97265625 52.22265625 C63.33489173 54.29359487 65.66795853 56.39512848 68 58.5 C70.98062721 61.18983431 73.97245233 63.86310364 77 66.5 C80.89512811 69.89253093 84.72782763 73.35194201 88.5625 76.8125 C90.69417481 78.72554149 92.8401911 80.61887612 95 82.5 C100.58979989 87.37143203 106.07534898 92.3589515 111.578125 97.328125 C116.00121401 101.31704577 120.44615005 105.27567907 124.9375 109.1875 C127.30964429 111.27211164 129.65556065 113.38428644 132 115.5 C138.6254817 121.47297214 145.3556 127.31621851 152.125 133.125 C152.71120117 133.62813721 153.29740234 134.13127441 153.90136719 134.6496582 C154.47274414 135.13909912 155.04412109 135.62854004 155.6328125 136.1328125 C156.19355469 136.61387451 156.75429688 137.09493652 157.33203125 137.59057617 C158.43285717 138.52076763 159.54477689 139.43800636 160.66796875 140.34106445 C163.53765496 142.65153202 165.85669274 144.76685873 167.75 147.9375 C168.13671875 148.56527344 168.5234375 149.19304687 168.921875 149.83984375 C171.60817308 155.22217287 172.29487933 160.12992924 172.28088379 166.08169556 C172.28682603 166.87873158 172.29276828 167.6757676 172.29889059 168.49695623 C172.31618826 171.15898388 172.31927452 173.82083084 172.32226562 176.48291016 C172.3315275 178.39533875 172.34157757 180.30776367 172.35235596 182.22018433 C172.37855724 187.4105505 172.391485 192.60086499 172.40037727 197.79128695 C172.40624704 201.03742316 172.41445827 204.28354538 172.42338562 207.52967453 C172.45072486 217.69581905 172.47006269 227.86193142 172.4777894 238.02811015 C172.48674486 249.74517818 172.52181793 261.46177888 172.57979059 273.17870486 C172.62309506 282.24731315 172.64320176 291.31579032 172.64587164 300.38450086 C172.64796292 305.79526021 172.65967395 311.20557995 172.69551086 316.61623001 C172.72859525 321.71031428 172.73272504 326.80363142 172.71523285 331.89778519 C172.71369853 333.76011213 172.72229271 335.62248135 172.74214935 337.48470306 C172.84894532 348.13074449 172.56653633 357.0248507 166 366 C159.9536765 371.8557347 154.27935753 374.25667025 145.82299805 374.22705078 C145.12001083 374.22734283 144.41702362 374.22763489 143.69273376 374.22793579 C141.38226738 374.22654877 139.07212841 374.2110175 136.76171875 374.1953125 C135.15460893 374.19158013 133.54749683 374.18873422 131.94038391 374.18673706 C127.7202623 374.17911821 123.50027939 374.15948483 119.2802124 374.1373291 C114.97003048 374.11683293 110.65982604 374.10772729 106.34960938 374.09765625 C97.89967609 374.07623721 89.44985532 374.04212248 81 374 C80.99945523 373.17615688 80.99891047 372.35231377 80.99834919 371.50350571 C80.98335589 351.42062706 80.9408061 331.33796976 80.86790943 311.25521469 C80.83331505 301.54316467 80.80791121 291.83125576 80.80444336 282.11914062 C80.80139573 273.65011103 80.78079816 265.18133313 80.73947543 256.71240067 C80.71821605 252.23166505 80.70550829 247.7512866 80.71384621 243.27050018 C80.72143136 239.0448245 80.70538424 234.81986985 80.67193985 230.59432602 C80.66375996 229.0513331 80.66389299 227.50826774 80.67340279 225.96528244 C80.74818886 212.48640427 78.00355662 202.00440743 68.4609375 192.12890625 C59.64580006 184.50311275 49.19277537 182.69819987 37.90307617 182.70947266 C36.43553139 182.69939682 36.43553139 182.69939682 34.93833923 182.68911743 C31.72316323 182.67021242 28.50819679 182.66621706 25.29296875 182.6640625 C23.04388851 182.65762955 20.7948091 182.65090082 18.54573059 182.64389038 C13.83767762 182.63193647 9.12969793 182.62820764 4.42163086 182.62939453 C-1.59030994 182.62959765 -7.60177767 182.60229402 -13.61360645 182.56785011 C-18.25752389 182.5455367 -22.90132826 182.54155835 -27.54529381 182.54261398 C-29.7607149 182.54026478 -31.97613944 182.53147995 -34.19150734 182.51594925 C-48.49298142 182.42507149 -60.52268832 182.39069377 -72 192.0234375 C-75.32896844 195.31339459 -77.86384132 198.84201225 -80 203 C-80.3271059 203.62422789 -80.65421181 204.24845577 -80.99123001 204.89159966 C-84.64321426 212.74543515 -84.5769571 220.43754915 -84.54589844 228.91455078 C-84.55464711 230.50222276 -84.56513738 232.08988594 -84.57722473 233.67753601 C-84.60494715 237.95993609 -84.60849248 242.24204651 -84.60750484 246.52452326 C-84.61064584 251.01021882 -84.63628865 255.49578619 -84.65948486 259.98141479 C-84.69995778 268.46320429 -84.72036505 276.94491707 -84.73345876 285.42678821 C-84.74935838 295.08833173 -84.78778643 304.74974525 -84.82805204 314.41121316 C-84.91033173 334.27409916 -84.9644983 354.1369789 -85 374 C-94.34520566 374.1162785 -103.6901591 374.20490886 -113.03593254 374.25906086 C-117.37643006 374.28506225 -121.71642962 374.32028487 -126.05664062 374.37719727 C-130.25178996 374.431858 -134.44646287 374.46149153 -138.64194107 374.47438622 C-140.23583594 374.48356547 -141.82970719 374.50148962 -143.42339706 374.52865028 C-153.4220819 374.69214763 -162.10474642 374.36658637 -169.896698 367.27339172 C-175.81163947 361.18535658 -177.45583197 353.86237123 -177.38095093 345.65087891 C-177.3856309 344.84931177 -177.39031087 344.04774464 -177.39513266 343.22188759 C-177.40702513 340.55660704 -177.39764817 337.89184616 -177.38818359 335.2265625 C-177.39225185 333.30734967 -177.39759516 331.38813918 -177.40411377 329.46893311 C-177.41776287 324.27062969 -177.41249862 319.07250537 -177.40297651 313.87419891 C-177.39536747 308.42735826 -177.40242898 302.98053268 -177.40713501 297.53369141 C-177.41258893 288.38766738 -177.40541047 279.2417161 -177.39111328 270.09570312 C-177.3747875 259.53014357 -177.38007626 248.9647577 -177.3965925 238.39920235 C-177.4102177 229.3187213 -177.41212195 220.23829246 -177.40427649 211.15780449 C-177.39960568 205.73841379 -177.39895888 200.31910466 -177.40888596 194.89971924 C-177.41756835 189.80412945 -177.41151034 184.70876305 -177.39420319 179.61319733 C-177.39024516 177.74598816 -177.39136064 175.87876012 -177.39799118 174.01155853 C-177.40622391 171.45716113 -177.39586459 168.90347363 -177.38095093 166.34912109 C-177.38764309 165.61525492 -177.39433526 164.88138874 -177.40123022 164.12528419 C-177.28284072 153.62687832 -172.22941505 147.19563274 -165 140 C-159.02709805 134.29859359 -152.68300656 129.01355434 -146.3972168 123.66381836 C-141.65157626 119.60578386 -137.04929746 115.41042109 -132.47998047 111.15576172 C-129.02595049 107.94001407 -125.52546983 104.79466969 -121.95703125 101.70703125 C-119.6144085 99.66366569 -117.30726578 97.58319141 -115 95.5 C-112.06321535 92.84886006 -109.11397458 90.21709829 -106.125 87.625 C-102.158251 84.17216181 -98.29317331 80.61122619 -94.42456055 77.04956055 C-91.01401194 73.91482948 -87.55840884 70.84273698 -84.05859375 67.80859375 C-81.5104335 65.5698875 -79.00589407 63.28589788 -76.5 61 C-71.02764478 56.01424271 -65.49471106 51.11572853 -59.8515625 46.32421875 C-53.26824533 40.72641149 -46.80022644 35.04153824 -40.47607422 29.15185547 C-37.06956285 25.97977069 -33.61405926 22.88366528 -30.08984375 19.84375 C-27.88529954 17.89880633 -25.73112451 15.90350112 -23.57788086 13.90209961 C-7.68104571 -0.85344952 -7.68104571 -0.85344952 0 0 Z " fill="#FAFAFA" transform="translate(518,331)"/>
<path d="M0 0 C6.57443149 5.4247398 12.83124548 11.22483206 19.0859375 17.01171875 C23.62723298 21.19709267 28.29295943 25.22816441 32.9921875 29.234375 C39.53192762 34.81334294 45.9912691 40.44825702 52.328125 46.2578125 C55.09963899 48.78621122 57.91861378 51.2540275 60.75 53.71484375 C63.97997451 56.54651697 67.15925031 59.43421257 70.34765625 62.3125 C72.43340555 64.18363844 74.53552003 66.03143581 76.65234375 67.8671875 C79.49960645 70.34207178 82.28374067 72.87667101 85.05053711 75.44116211 C89.29575291 79.37396235 93.56584993 83.18953172 98.08984375 86.8046875 C104.12335392 91.65772829 109.7014395 96.95485712 115.33203125 102.26171875 C118.45510297 105.20251329 121.64006467 108.05617927 124.890625 110.85546875 C127.21393162 112.87092522 129.4948284 114.93067212 131.77734375 116.9921875 C134.75797096 119.68202181 137.74979608 122.35529114 140.77734375 124.9921875 C144.67731163 128.38893372 148.51585771 131.85129876 152.3515625 135.3203125 C154.40648889 137.16014998 156.48906801 138.95542245 158.58984375 140.7421875 C171.34408091 151.94418484 181.39252698 163.14483278 188.02734375 178.9921875 C188.50361206 180.10122437 188.50361206 180.10122437 188.98950195 181.23266602 C195.26303433 197.13342293 196.37038661 213.81873524 196.27905273 230.71020508 C196.28284806 232.74790823 196.288358 234.78560879 196.29542542 236.82330322 C196.30923465 242.29207248 196.29831573 247.76052201 196.2817142 253.22927308 C196.26773011 258.98640248 196.27433848 264.74351581 196.27784729 270.50065613 C196.28053787 280.15763424 196.2671698 289.81448722 196.24389648 299.47143555 C196.21725638 310.60173843 196.21555602 321.73183282 196.22728485 332.86215669 C196.23809759 343.62205128 196.23185059 354.38187119 196.21772957 365.14175987 C196.21200385 369.69838943 196.21202527 374.25496372 196.21679497 378.81159401 C196.22159963 384.18233162 196.21131983 389.55284346 196.18984032 394.92353821 C196.18432092 396.88295417 196.18376198 398.84239204 196.18879318 400.80180931 C196.22198207 415.59189828 194.90900703 429.15977702 189.58984375 443.1171875 C189.28723633 443.91785645 188.98462891 444.71852539 188.67285156 445.54345703 C178.72140131 470.92118304 158.39583615 489.45320677 133.77734375 500.2421875 C120.29590926 505.58422847 108.01181788 507.64031803 93.64250183 507.64608765 C92.30047791 507.65010749 90.9584552 507.65454657 89.61643392 507.6593672 C85.93868661 507.67128064 82.26095239 507.67696895 78.58318961 507.68154836 C74.61223413 507.68752446 70.64129412 507.69912928 66.67034912 507.70983887 C57.0846703 507.73431799 47.49898637 507.74898393 37.91328594 507.76189893 C35.20311249 507.76561431 32.49293953 507.76958726 29.78276658 507.7736516 C12.93135829 507.79889284 -3.92005087 507.8209329 -20.77147388 507.83337975 C-24.67146114 507.83630915 -28.57144836 507.83927086 -32.47143555 507.84228516 C-33.92531194 507.84340423 -33.92531194 507.84340423 -35.40855958 507.84454592 C-51.09350294 507.85718699 -66.77833262 507.89039595 -82.4632229 507.93208699 C-98.58880911 507.97459586 -114.71433728 507.99808513 -130.83997935 508.00330031 C-139.88486567 508.0067044 -148.92957436 508.01834072 -157.97440529 508.05140305 C-165.68090763 508.07952811 -173.38719591 508.09034865 -181.09374557 508.07920758 C-185.01913684 508.07405248 -188.94408071 508.07669974 -192.86940575 508.10167313 C-208.5785915 508.19627041 -223.35701891 508.16465453 -238.22265625 502.4921875 C-239.16166684 502.14039618 -240.10067743 501.78860485 -241.06814289 501.42615318 C-243.1167604 500.6196885 -245.0676464 499.72828222 -247.03515625 498.7421875 C-247.73125 498.39986084 -248.42734375 498.05753418 -249.14453125 497.70483398 C-267.99324944 488.17888203 -284.1550467 473.12938155 -294.22265625 454.4921875 C-295.05990234 452.98011719 -295.05990234 452.98011719 -295.9140625 451.4375 C-303.10962975 437.26277354 -306.37367558 420.73245123 -306.36982727 404.90664673 C-306.37350396 404.07946683 -306.37718065 403.25228694 -306.38096875 402.40004098 C-306.39191967 399.64770965 -306.39583475 396.89541618 -306.3996582 394.14306641 C-306.40592949 392.16126386 -306.41257688 390.17946248 -306.41957092 388.19766235 C-306.44053968 381.70469978 -306.45096861 375.21173718 -306.4609375 368.71875 C-306.46498815 366.47547773 -306.46910516 364.23220559 -306.47328758 361.98893356 C-306.49232579 351.44369059 -306.50655804 340.89845454 -306.51489955 330.35319769 C-306.5246582 318.21976672 -306.55094776 306.08651883 -306.59140044 293.9531523 C-306.62166462 284.54981357 -306.63637827 275.14652702 -306.63968056 265.74314058 C-306.64201982 260.13893576 -306.6508326 254.53492683 -306.67614174 248.93077469 C-306.69960758 243.64964637 -306.70358207 238.36884035 -306.69338036 233.08767319 C-306.69288931 231.16337251 -306.69908029 229.23905493 -306.7129364 227.31480408 C-306.91402686 197.70013119 -298.16597078 170.65181196 -277.14624023 149.23730469 C-272.31739711 144.38502365 -267.43440658 139.62463532 -262.2109375 135.1953125 C-259.66483129 133.01436494 -257.19742902 130.75367616 -254.72265625 128.4921875 C-251.62533658 125.66641366 -248.51861475 122.85999971 -245.34765625 120.1171875 C-241.14603982 116.46887035 -237.0799665 112.67839726 -233.00048828 108.89501953 C-230.10918985 106.21832603 -227.20384949 103.56915115 -224.22265625 100.9921875 C-220.69475756 97.94062956 -217.26930565 94.78656525 -213.84765625 91.6171875 C-199.07832628 77.95121585 -199.07832628 77.95121585 -191.59765625 71.9296875 C-187.50850913 68.62271198 -183.77266892 65.1540413 -180.109375 61.38671875 C-177.63522736 58.90232619 -175.01166944 56.62625964 -172.35546875 54.33984375 C-169.94888804 52.255022 -167.5850068 50.12697217 -165.22265625 47.9921875 C-159.86248814 43.15991474 -154.45256051 38.39399894 -148.96484375 33.70703125 C-147.75908949 32.67711271 -146.55336102 31.64716397 -145.34765625 30.6171875 C-144.73913818 30.09753418 -144.13062012 29.57788086 -143.50366211 29.04248047 C-139.96641767 26.01326217 -136.47873048 22.94070167 -133.03515625 19.8046875 C-128.79451932 15.95271778 -124.39474223 12.33875534 -119.93359375 8.74609375 C-117.30650992 6.56190445 -114.83217354 4.27349589 -112.34765625 1.9296875 C-81.6763853 -25.83435398 -31.99082706 -25.51958372 0 0 Z M-94.44921875 36.9296875 C-97.06528847 39.34678853 -99.75161226 41.58438261 -102.53515625 43.8046875 C-108.27748965 48.43639768 -113.62329925 53.44042213 -119 58.484375 C-122.04327566 61.3369516 -125.15209759 64.1014496 -128.30859375 66.828125 C-132.33096387 70.32512433 -136.26615353 73.92109752 -140.22265625 77.4921875 C-141.86835869 78.9714998 -143.5141916 80.45066696 -145.16015625 81.9296875 C-148.73505386 85.14541172 -152.29438748 88.37758659 -155.84765625 91.6171875 C-159.59649302 95.02952279 -163.37812202 98.396228 -167.203125 101.72265625 C-171.24932008 105.26796838 -175.22949247 108.88741655 -179.22265625 112.4921875 C-181.72299079 114.74326751 -184.22409423 116.99347966 -186.7265625 119.2421875 C-188.38488608 120.73701439 -190.03858066 122.2369933 -191.6875 123.7421875 C-195.99976411 127.66614347 -200.3701288 131.45787576 -204.91015625 135.1171875 C-208.69460591 138.17876475 -212.18753639 141.33782251 -215.5703125 144.83203125 C-217.88633883 147.15900806 -220.36963537 149.26769674 -222.85546875 151.41015625 C-226.44433427 154.56669969 -229.93261529 157.83026182 -233.43505859 161.08203125 C-236.40552144 163.83383622 -239.3990682 166.54254895 -242.47265625 169.1796875 C-243.72587323 170.28020157 -244.97581427 171.38445599 -246.22265625 172.4921875 C-246.9496875 173.12898437 -247.67671875 173.76578125 -248.42578125 174.421875 C-259.47922024 184.68578263 -266.67167014 198.83895828 -267.59306145 214.0083046 C-267.78289112 219.24162309 -267.7528386 224.47365152 -267.72436523 229.70947266 C-267.72815588 231.71175007 -267.73366204 233.71402484 -267.74073792 235.71629333 C-267.75461064 241.11497139 -267.74358133 246.51332783 -267.7270267 251.91198778 C-267.71309698 257.58247105 -267.71964511 263.25293715 -267.72315979 268.9234314 C-267.72585523 278.44054297 -267.71244218 287.95752794 -267.68920898 297.47460938 C-267.66258824 308.45488579 -267.66085956 319.43495087 -267.67259735 330.41524851 C-267.68340015 341.01068916 -267.6771694 351.60605386 -267.66304207 362.20148849 C-267.65730552 366.69640284 -267.6573465 371.19126119 -267.66210747 375.6861763 C-267.66690228 380.98377751 -267.65667233 386.28114914 -267.63515282 391.57870674 C-267.62961934 393.51518924 -267.62908776 395.45169396 -267.63410568 397.38817787 C-267.65701616 407.50279115 -267.45058313 416.78105848 -264.22265625 426.4921875 C-263.85785156 427.61753906 -263.49304688 428.74289062 -263.1171875 429.90234375 C-256.51578905 446.08411108 -245.20210537 458.35331501 -229.22265625 465.4921875 C-220.58796799 469.0296648 -212.97800731 470.0689361 -203.69413757 470.00012207 C-202.38364765 470.00636203 -201.07315774 470.012602 -199.722956 470.01903105 C-196.11897973 470.03559667 -192.5154318 470.02753696 -188.9114548 470.01508617 C-185.01151862 470.00598484 -181.11165285 470.02003063 -177.21173096 470.03100586 C-169.58418285 470.04874325 -161.95679266 470.04497206 -154.3292385 470.0333553 C-148.12540687 470.02430037 -141.92161932 470.02310586 -135.71778297 470.02745056 C-134.39038162 470.02836996 -134.39038162 470.02836996 -133.03616408 470.02930793 C-131.23807144 470.03058692 -129.43997882 470.03188377 -127.64188621 470.0331983 C-110.80082218 470.04459061 -93.95984539 470.03151262 -77.11879567 470.00999683 C-62.69284155 469.99213638 -48.26701624 469.99522389 -33.84106445 470.01367188 C-17.06252751 470.03511852 -0.284067 470.04348233 16.49448174 470.03122282 C18.28666221 470.02994872 20.07884269 470.02869124 21.87102318 470.02745056 C23.19346647 470.02652491 23.19346647 470.02652491 24.54262579 470.02558056 C30.73186424 470.02213832 36.92105391 470.02793179 43.11028481 470.03736877 C50.66341299 470.04863281 58.21637508 470.04545713 65.76948444 470.0242458 C69.6175003 470.0137928 73.4652401 470.00951401 77.3132534 470.02284241 C101.09710086 470.09819951 121.47017939 469.15371614 139.640625 451.65625 C140.34574219 450.94210937 141.05085938 450.22796875 141.77734375 449.4921875 C142.60298828 448.69941406 142.60298828 448.69941406 143.4453125 447.890625 C147.07882748 444.09150746 149.52539108 439.63916437 152.02734375 435.0546875 C152.36910645 434.43384277 152.71086914 433.81299805 153.06298828 433.17333984 C153.38638184 432.55797363 153.70977539 431.94260742 154.04296875 431.30859375 C154.32946289 430.76662354 154.61595703 430.22465332 154.91113281 429.66625977 C157.43611784 423.32888894 158.07218211 417.36566806 158.05149841 410.62744141 C158.05673509 409.77026551 158.06197177 408.91308962 158.06736714 408.0299387 C158.08229121 405.17616104 158.08307062 402.3225639 158.08374023 399.46875 C158.09136703 397.41473593 158.09979542 395.36072469 158.10896301 393.30671692 C158.13086847 387.73810657 158.13970207 382.16955112 158.14478946 376.60090256 C158.14843889 373.11585596 158.15468213 369.63082362 158.16179085 366.14578247 C158.18627542 353.97006604 158.19933428 341.79439213 158.20288086 329.61865234 C158.20651129 318.29883951 158.23637408 306.9792986 158.27828544 295.65956879 C158.31307522 285.91910127 158.32843083 276.17872345 158.32912689 266.43819427 C158.329917 260.63057767 158.33853213 254.82323802 158.36712456 249.01568604 C158.39345292 243.54572376 158.39542835 238.07626509 158.37946892 232.60626793 C158.3776659 230.61017437 158.38424006 228.61405087 158.40028763 226.61802101 C158.55549293 206.04154568 154.25771866 188.95711305 139.46484375 173.7421875 C135.07726026 169.55951862 130.47724043 165.72018543 125.73828125 161.9453125 C121.59336425 158.51126517 117.69199307 154.83895569 113.76733398 151.15771484 C110.13746945 147.75299317 106.4669271 144.41652868 102.69921875 141.1640625 C100.36629301 139.13460677 98.0722313 137.0645405 95.77734375 134.9921875 C92.79671654 132.30235319 89.80489142 129.62908386 86.77734375 126.9921875 C82.88221564 123.59965657 79.04951612 120.14024549 75.21484375 116.6796875 C72.44237067 114.19157063 69.63889526 111.74151286 66.828125 109.296875 C64.51645578 107.26260609 62.24202945 105.1899644 59.96484375 103.1171875 C56.54505047 100.02581949 53.05775851 97.06759718 49.46484375 94.1796875 C44.01214051 89.76963998 38.89748043 85.05449952 33.7734375 80.2734375 C30.83534519 77.53402579 27.8290333 74.88353151 24.7890625 72.2578125 C22.31121668 70.0830818 19.891555 67.84880348 17.46484375 65.6171875 C13.86343204 62.32786512 10.204271 59.17201114 6.40234375 56.1171875 C2.19912711 52.72826924 -1.78405778 49.17918871 -5.72265625 45.4921875 C-21.76469297 30.5152019 -36.22813096 18.79759966 -59.01171875 19.21484375 C-73.44253614 19.87377021 -84.28521121 27.36356275 -94.44921875 36.9296875 Z " fill="#F8F9F9" transform="translate(570.22265625,273.5078125)"/>
<path d="M0 0 C1.46228783 -0.01007584 1.46228783 -0.01007584 2.95411682 -0.02035522 C6.17055392 -0.03931932 9.38678198 -0.04325928 12.60327148 -0.04541016 C14.85041895 -0.05184143 17.09756558 -0.05857004 19.3447113 -0.06558228 C24.05632465 -0.07755271 28.76786471 -0.08126356 33.47949219 -0.08007812 C39.48905237 -0.07987547 45.49813682 -0.10712348 51.50758457 -0.14162254 C56.15158707 -0.16397129 60.79547677 -0.16791315 65.43952751 -0.16685867 C67.65329559 -0.16920472 69.86706725 -0.17797144 72.08078194 -0.19352341 C101.91697673 -0.38342863 101.91697673 -0.38342863 113.16186523 10.29052734 C113.77674805 10.86544922 114.39163086 11.44037109 115.02514648 12.03271484 C125.24552106 22.58136697 125.91096039 34.6600542 125.90063477 48.49243164 C125.91730348 50.30225579 125.93606434 52.11206169 125.95674133 53.92184448 C126.00597598 58.80385775 126.02430128 63.68552145 126.03542185 68.5677526 C126.05098949 73.69254547 126.0906904 78.8171645 126.12643433 83.94184875 C126.18239654 92.54186399 126.21756499 101.14178225 126.2409668 109.74194336 C126.26830441 119.67050999 126.33171418 129.59836731 126.41369355 139.52662152 C126.48327473 148.07125059 126.53311585 156.61583132 126.56662643 165.16067821 C126.58663843 170.25542902 126.61342456 175.34989495 126.6581459 180.44449425 C126.69909793 185.23238899 126.71520104 190.01974889 126.7124691 194.80781174 C126.71547081 196.56015347 126.72697653 198.3125054 126.74780846 200.06472588 C126.95346137 218.26421028 126.95346137 218.26421028 121.16186523 224.29052734 C113.92317995 230.70670493 106.67923742 231.16973963 97.33374023 231.11450195 C95.96917229 231.12757216 94.6046263 231.14313117 93.2401123 231.16096497 C89.56221241 231.20085625 85.88524236 231.20290394 82.20716858 231.19527507 C79.12572794 231.19204774 76.04447089 231.20676141 72.96306992 231.22109133 C65.68934926 231.25427787 58.41609355 231.25574409 51.14233398 231.23754883 C43.66061407 231.21942024 36.18058537 231.25640252 28.6991539 231.32025903 C22.2528805 231.37323855 15.80714344 231.39109143 9.36066055 231.38134581 C5.52028559 231.37592873 1.6811183 231.38359271 -2.15905762 231.42548943 C-5.77152182 231.46343459 -9.38136221 231.45721151 -12.99378967 231.41825676 C-14.93607541 231.40786623 -16.87844393 231.44154426 -18.82043457 231.47695923 C-26.97000022 231.33129184 -31.12253399 229.430867 -36.94146729 223.70829105 C-40.70130095 218.91546917 -41.13192777 214.67927005 -41.1055603 208.73323059 C-41.11009142 207.98055694 -41.11462253 207.22788329 -41.11929095 206.45240134 C-41.1319338 203.93459482 -41.13031465 201.41700464 -41.12866211 198.89916992 C-41.13464756 197.09201785 -41.14145314 195.28486833 -41.14901733 193.47772217 C-41.16668595 188.57046485 -41.17137317 183.66327728 -41.17264891 178.75599122 C-41.17407093 175.68793847 -41.17834157 172.61990343 -41.18364334 169.55185509 C-41.20214865 158.84193166 -41.2103136 148.13205802 -41.20874023 137.42211914 C-41.2075397 127.45022966 -41.22862347 117.47855693 -41.26022756 107.50672227 C-41.28641508 98.93752363 -41.29710644 90.36839565 -41.29582942 81.79915732 C-41.29532038 76.6847765 -41.30097105 71.57058818 -41.32218552 66.45624733 C-41.34160877 61.64217909 -41.34166443 56.8284861 -41.32715225 52.0144043 C-41.32506791 50.25284461 -41.32974264 48.4912612 -41.34187317 46.72974205 C-41.40055716 37.61353192 -41.35034415 29.50270506 -36.83813477 21.29052734 C-36.35731445 20.38818359 -35.87649414 19.48583984 -35.38110352 18.55615234 C-30.22364278 10.88684474 -24.41858568 5.81893706 -15.83813477 2.29052734 C-15.00794327 1.94879486 -14.17775177 1.60706238 -13.32240295 1.25497437 C-8.81315439 0.00681231 -4.65679502 -0.00462917 0 0 Z " fill="#1C9955" transform="translate(473.838134765625,512.70947265625)"/>
<path d="M0 0 C1.03769531 -0.020625 2.07539062 -0.04125 3.14453125 -0.0625 C13.19889087 -0.11386327 13.19889087 -0.11386327 17.75 3.25 C21.45056349 7.85386068 22.25342702 10.94856977 22.26757812 16.8125 C22.2745874 17.54500977 22.28159668 18.27751953 22.28881836 19.03222656 C22.30633397 21.43854382 22.29479954 23.84367209 22.28125 26.25 C22.28394679 27.93099186 22.28783077 29.61198221 22.29284668 31.29296875 C22.29873298 34.81004743 22.29020709 38.3267188 22.27148438 41.84375 C22.24869501 46.34302189 22.2618228 50.84133927 22.28577423 55.34057617 C22.30025591 58.80996847 22.29561544 62.27913594 22.28526306 65.74853516 C22.28260231 67.40706496 22.28584257 69.06561544 22.29518127 70.72412109 C22.30538646 73.04579421 22.28979279 75.36594011 22.26757812 77.6875 C22.26280457 79.66556641 22.26280457 79.66556641 22.25793457 81.68359375 C21.66690132 85.83346819 20.34582265 88.00016189 17.75 91.25 C13.06641934 94.58757865 6.88145618 93.65927784 1.375 93.6875 C-0.31109375 93.73680664 -0.31109375 93.73680664 -2.03125 93.78710938 C-11.28471388 93.84726783 -11.28471388 93.84726783 -14.9140625 90.97265625 C-18.89699939 86.33033683 -19.55256308 82.96951653 -19.57226562 76.93041992 C-19.58219543 76.1998085 -19.59212524 75.46919708 -19.60235596 74.71644592 C-19.63151526 72.30441489 -19.64518872 69.89264693 -19.65625 67.48046875 C-19.66776017 65.79901628 -19.67927555 64.11756385 -19.6907959 62.43611145 C-19.71179218 58.91141542 -19.72349281 55.38681029 -19.73046875 51.86206055 C-19.74143189 47.35590353 -19.78947893 42.8509572 -19.84641266 38.34517956 C-19.88374997 34.87149092 -19.89408097 31.39809145 -19.8971405 27.92421913 C-19.90317616 26.26365861 -19.91917501 24.60310213 -19.94551086 22.94273949 C-20.16065959 8.33548197 -20.16065959 8.33548197 -16.33398438 3.73950195 C-10.96170382 -0.59719412 -6.712976 0.03286647 0 0 Z " fill="#F7FAF9" transform="translate(558.25,572.75)"/>
<path d="M0 0 C1.99670882 3.99341764 2.2061905 5.36026593 2.0625 9.625 C1.83502304 13.46174054 1.83502304 13.46174054 3 17 C2.91061582 19.88912732 2.765952 22.74393255 2.5625 25.625 C2.51029297 26.42679688 2.45808594 27.22859375 2.40429688 28.0546875 C2.27451629 30.03679103 2.13790265 32.01844499 2 34 C1.01 34.495 1.01 34.495 0 35 C0 23.45 0 11.9 0 0 Z " fill="#0076B1" transform="translate(133,541)"/>
<path d="M0 0 C0.33 0 0.66 0 1 0 C1.05384521 2.29141286 1.09272087 4.58318188 1.125 6.875 C1.14820313 8.15117188 1.17140625 9.42734375 1.1953125 10.7421875 C1 14 1 14 -1 16 C-2 15 -2 15 -2.125 12.5625 C-2 10 -2 10 -1 8 C-1 6.824375 -1 5.64875 -1 4.4375 C-1 1 -1 1 0 0 Z " fill="#0378B4" transform="translate(143,735)"/>
<path d="M0 0 C0.99 0 1.98 0 3 0 C3.33 2.64 3.66 5.28 4 8 C2.68 7.34 1.36 6.68 0 6 C0 4.02 0 2.04 0 0 Z " fill="#1986BC" transform="translate(264,699)"/>
</svg>
